algoritma: 1.0 * 0.3010299956639812 = 0.3010299956639812
program: 1.0 * 0.3010299956639812 = 0.3010299956639812
materi: 1.0 * 0.6020599913279624 = 0.6020599913279624
kuasa: 1.0 * 0.6020599913279624 = 0.6020599913279624
mahasiswa: 1.0 * 0.3010299956639812 = 0.3010299956639812
jurus: 1.0 * 0.6020599913279624 = 0.6020599913279624
teknik: 1.0 * 0.6020599913279624 = 0.6020599913279624
informatika: 1.0 * 0.6020599913279624 = 0.6020599913279624
adakan: 0.0 * 0.6020599913279624 = 0.0
sesuai: 0.0 * 0.3010299956639812 = 0.0
sistem: 0.0 * 0.6020599913279624 = 0.0
ajar: 0.0 * 0.3010299956639812 = 0.0
milik: 0.0 * 0.6020599913279624 = 0.0
motivasi: 0.0 * 0.6020599913279624 = 0.0
jurnal: 0.0 * 0.6020599913279624 = 0.0
tingkat: 0.0 * 0.6020599913279624 = 0.0
unsur: 0.0 * 0.6020599913279624 = 0.0
gamifikasi: 0.0 * 0.3010299956639812 = 0.0
proses: 0.0 * 0.6020599913279624 = 0.0
implementasi: 0.0 * 0.6020599913279624 = 0.0
algoritma: 0.0 * 0.3010299956639812 = 0.0
program: 0.0 * 0.3010299956639812 = 0.0
materi: 0.0 * 0.6020599913279624 = 0.0
kuasa: 0.0 * 0.6020599913279624 = 0.0
mahasiswa: 1.0 * 0.3010299956639812 = 0.3010299956639812
jurus: 0.0 * 0.6020599913279624 = 0.0
teknik: 0.0 * 0.6020599913279624 = 0.0
informatika: 0.0 * 0.6020599913279624 = 0.0
adakan: 1.0 * 0.6020599913279624 = 0.6020599913279624
sesuai: 1.0 * 0.3010299956639812 = 0.3010299956639812
sistem: 1.0 * 0.6020599913279624 = 0.6020599913279624
ajar: 1.0 * 0.3010299956639812 = 0.3010299956639812
milik: 1.0 * 0.6020599913279624 = 0.6020599913279624
motivasi: 1.0 * 0.6020599913279624 = 0.6020599913279624
jurnal: 0.0 * 0.6020599913279624 = 0.0
tingkat: 0.0 * 0.6020599913279624 = 0.0
unsur: 0.0 * 0.6020599913279624 = 0.0
gamifikasi: 0.0 * 0.3010299956639812 = 0.0
proses: 0.0 * 0.6020599913279624 = 0.0
implementasi: 0.0 * 0.6020599913279624 = 0.0
algoritma: 0.0 * 0.3010299956639812 = 0.0
program: 0.0 * 0.3010299956639812 = 0.0
materi: 0.0 * 0.6020599913279624 = 0.0
kuasa: 0.0 * 0.6020599913279624 = 0.0
mahasiswa: 0.0 * 0.3010299956639812 = 0.0
jurus: 0.0 * 0.6020599913279624 = 0.0
teknik: 0.0 * 0.6020599913279624 = 0.0
informatika: 0.0 * 0.6020599913279624 = 0.0
adakan: 0.0 * 0.6020599913279624 = 0.0
sesuai: 0.0 * 0.3010299956639812 = 0.0
sistem: 0.0 * 0.6020599913279624 = 0.0
ajar: 0.0 * 0.3010299956639812 = 0.0
milik: 0.0 * 0.6020599913279624 = 0.0
motivasi: 0.0 * 0.6020599913279624 = 0.0
jurnal: 1.0 * 0.6020599913279624 = 0.6020599913279624
tingkat: 1.0 * 0.6020599913279624 = 0.6020599913279624
unsur: 1.0 * 0.6020599913279624 = 0.6020599913279624
gamifikasi: 1.0 * 0.3010299956639812 = 0.3010299956639812
proses: 0.0 * 0.6020599913279624 = 0.0
implementasi: 0.0 * 0.6020599913279624 = 0.0
algoritma: 1.0 * 0.3010299956639812 = 0.3010299956639812
program: 1.0 * 0.3010299956639812 = 0.3010299956639812
materi: 0.0 * 0.6020599913279624 = 0.0
kuasa: 0.0 * 0.6020599913279624 = 0.0
mahasiswa: 0.0 * 0.3010299956639812 = 0.0
jurus: 0.0 * 0.6020599913279624 = 0.0
teknik: 0.0 * 0.6020599913279624 = 0.0
informatika: 0.0 * 0.6020599913279624 = 0.0
adakan: 0.0 * 0.6020599913279624 = 0.0
sesuai: 1.0 * 0.3010299956639812 = 0.3010299956639812
sistem: 0.0 * 0.6020599913279624 = 0.0
ajar: 1.0 * 0.3010299956639812 = 0.3010299956639812
milik: 0.0 * 0.6020599913279624 = 0.0
motivasi: 0.0 * 0.6020599913279624 = 0.0
jurnal: 0.0 * 0.6020599913279624 = 0.0
tingkat: 0.0 * 0.6020599913279624 = 0.0
unsur: 0.0 * 0.6020599913279624 = 0.0
gamifikasi: 1.0 * 0.3010299956639812 = 0.3010299956639812
proses: 1.0 * 0.6020599913279624 = 0.6020599913279624
implementasi: 1.0 * 0.6020599913279624 = 0.6020599913279624